#    0.000   0.000   0.000 ;Mean Elev.(m), Avg Gradient(m/km), RMS Gradient(m/km) - SRTM1     
#    0.000   0.000   0.000 ;Mean Elev.(m), Avg Gradient(m/km), RMS Gradient(m/km) - ASTER GDEM
#  346.071  -0.848   9.712 ;Mean Elev.(m), Avg Gradient(m/km), RMS Gradient(m/km) - GMTED2010 
  7 320.111129  -8.824212   350.702   350.702  2 52452.52384037 14.625
  9 320.118853  -8.819719   346.351   346.351  2 52522.52379173 25.943
 10 320.112637  -8.823907   348.461   348.461  2 52557.52384351 18.666
 11 320.112664  -8.824136   348.019   348.019  2 52592.52384017 20.701
 12 320.125893  -8.819547   345.983   345.983  2 52627.52375775 29.940
 13 320.117352  -8.820292   347.072   347.213  3 52662.52380213 31.453
 14 320.121290  -8.820090   346.216   346.216  2 52697.52377848 33.162
 15 320.126958  -8.819116   347.798   347.767  3 52732.52380063 19.934
 16 320.115188  -8.821851   347.873   347.873  2 52767.52380961 29.367
 17 320.118572  -8.819045   345.961   345.923  3 52802.52382109 35.483
 18 320.120392  -8.820533   345.581   345.581  2 52837.52388616 26.333
 19 320.120975  -8.817865   350.604   350.604  2 52872.52392589 19.020
 20 320.121935  -8.821027   349.147   349.147  2 52907.52391454 20.926
 23 320.115587  -8.821074   345.465   345.465  2 53012.52389913 26.171
 24 320.117149  -8.820151   347.372   347.372  2 53047.52386694 26.484
 25 320.111402  -8.824258   347.035   347.244  3 53082.52390279 25.404
 26 320.113323  -8.822532   347.753   347.753  2 53117.52387235 25.462
 27 320.112593  -8.822643   346.216   346.216  2 53152.52392189 34.933
 28 320.126455  -8.818165   345.686   345.686  2 53187.52390817 32.263
 29 320.120273  -8.822297   345.855   345.855  2 53222.52393048 26.640
 30 320.114726  -8.822013   347.123   347.387  3 53257.52390643 29.180
 32 320.120933  -8.822279   345.760   345.760  2 53327.52389894 25.473
 33 320.123545  -8.819665   345.886   345.886  2 53362.52385344 27.207
 34 320.116936  -8.820697   347.153   346.606  3 53397.52387521 37.792
 35 320.121845  -8.821089   346.902   346.902  2 53432.52386653 33.578
 36 320.117431  -8.819839   347.410   347.417  3 53467.52390229 31.832
 37 320.112454  -8.823508   347.911   347.247  3 53502.52395427 23.829
 38 320.119148  -8.818610   345.599   346.045  3 53537.52394680 40.667
 39 320.113881  -8.822023   346.778   346.778  2 53572.52395123 29.920
 40 320.119057  -8.821106   346.405   346.425  3 53607.52389962 34.685
 41 320.115819  -8.821979   346.945   346.795  3 53642.52390097 21.203
 42 320.112724  -8.823814   347.561   347.561  2 53677.52392036 17.238
 43 320.123305  -8.819623   346.792   346.792  2 53712.52384814 51.033
 44 320.121538  -8.821032   346.459   346.459  2 53747.52376096 26.714
 45 320.122836  -8.820905   346.994   346.994  2 53782.52379184 36.295
 46 320.123221  -8.820383   346.065   346.065  2 53817.52375652 25.505
 47 320.113203  -8.823553   347.225   347.225  2 53852.52383106 43.241
 48 320.127309  -8.820270   346.040   346.040  2 53887.52383613 33.918
 50 320.110357  -8.823896   347.126   347.126  2 53957.52390270 19.772
 51 320.120961  -8.820098   346.740   346.740  2 53992.52382579 28.384
 52 320.119452  -8.820419   346.743   346.731  3 54027.52388917 31.664
 53 320.123758  -8.819793   346.208   346.208  2 54062.52388275 25.335
 54 320.119651  -8.818357   346.849   346.893  3 54097.52385233 32.633
 55 320.119011  -8.818845   347.910   347.918  3 54132.52380468 49.152
 56 320.117967  -8.819913   349.183   349.183  2 54167.52382632 33.093
 57 320.118103  -8.819148   346.669   346.700  3 54202.52380823 31.314
 58 320.119404  -8.822548   347.576   347.576  2 54237.52384400 18.277
 59 320.119879  -8.820128   346.649   346.690  3 54272.52386316 20.854
 60 320.119643  -8.819232   346.798   346.872  3 54307.52386521 37.161
 61 320.120778  -8.821069   346.355   346.355  2 54342.52384498 30.551
 62 320.118876  -8.819184   346.699   346.713  3 54377.52380045 28.201
 63 320.118777  -8.820620   346.992   347.070  3 54412.52379258 34.005
 66 320.119683  -8.819043   345.539   345.584  3 54517.52377980 34.187
 67 320.119789  -8.818377   345.393   345.600  3 54552.52379693 38.803
 68 320.119289  -8.819715   345.704   345.712  3 54587.52377516 31.710
 69 320.119098  -8.819056   345.778   345.790  3 54622.52379384 34.985
 70 320.117465  -8.819823   345.564   345.564  2 54657.52380318 32.876
 71 320.119428  -8.820429   346.606   346.602  3 54692.52378585 30.212
 72 320.119330  -8.820246   346.568   346.483  3 54727.52375618 33.644
 73 320.118202  -8.819810   346.770   346.751  3 54762.52376385 27.586
 74 320.117435  -8.819982   346.277   346.277  2 54797.52374933 29.851
 75 320.118743  -8.819991   345.984   345.998  3 54832.52375309 31.373
 76 320.119299  -8.818505   346.121   346.212  3 54867.52374528 30.629
 77 320.117247  -8.820663   346.394   346.394  2 54902.52376352 31.838
 78 320.119500  -8.819741   346.657   346.670  3 54937.52373467 31.834
 79 320.118710  -8.821185   346.808   346.811  3 54972.52376789 41.335
 80 320.117527  -8.819775   346.580   346.565  3 55007.52378487 36.335
 81 320.119573  -8.820770   347.922   346.328  3 55042.52377336 27.145
 82 320.119604  -8.819975   346.724   346.752  3 55077.52375267 42.303
 83 320.118827  -8.820319   346.733   346.650  3 55112.52370651 30.993
 84 320.117686  -8.819479   346.650   346.687  3 55147.52370743 26.836
 85 320.118097  -8.820913   346.692   346.695  3 55182.52368642 19.827
 86 320.118396  -8.819681   346.327   346.355  3 55217.52370413 25.848
 87 320.119986  -8.820076   347.395   347.492  3 55252.52368283 39.861
 88 320.118641  -8.819603   346.456   346.456  2 55287.52369483 30.300
 89 320.117228  -8.820933   346.700   346.700  2 55322.52367117 28.929
 90 320.118134  -8.820220   345.783   345.783  2 55357.52367080 23.402
 91 320.118132  -8.820234   346.496   346.496  2 55392.52367273 22.206
 92 320.120201  -8.818500   346.256   346.259  3 55427.52368615 30.049
 93 320.121268  -8.820769   345.590   345.590  2 55462.52365203 31.858
