#    0.000   0.000   0.000 ;Mean Elev.(m), Avg Gradient(m/km), RMS Gradient(m/km) - SRTM1     
#    0.000   0.000   0.000 ;Mean Elev.(m), Avg Gradient(m/km), RMS Gradient(m/km) - ASTER GDEM
#  346.071  -0.848   9.712 ;Mean Elev.(m), Avg Gradient(m/km), RMS Gradient(m/km) - GMTED2010 
  7   349.522 52452.52384005 14.32 320.111499  -8.822562 24.535
  7   351.882 52452.52384070 14.91 320.110759  -8.825862 24.535
  9   346.481 52522.52379141 28.32 320.119223  -8.818069 12.742
  9   346.220 52522.52379205 20.28 320.118483  -8.821369 12.742
 10   347.908 52557.52384319 19.83 320.113002  -8.822257  7.991
 10   349.015 52557.52384383 17.07 320.112272  -8.825557  7.991
 11   346.536 52592.52383985 21.61 320.113034  -8.822486  9.251
 11   349.501 52592.52384049 19.55 320.112294  -8.825786  9.251
 12   346.110 52627.52375742 31.35 320.126263  -8.817897 13.369
 12   345.855 52627.52375807 27.84 320.125523  -8.821197 13.369
 13   347.357 52662.52380149 34.31 320.118089  -8.816985 10.737
 13   347.213 52662.52380213 31.20 320.117349  -8.820295 10.737
 13   346.646 52662.52380278 22.45 320.116619  -8.823595 10.737
 14   346.230 52697.52377816 35.84 320.121660  -8.818440 13.956
 14   346.203 52697.52377880 24.84 320.120920  -8.821740 13.956
 15   348.066 52732.52379998 21.85 320.127698  -8.815816  8.061
 15   347.767 52732.52380063 19.44 320.126958  -8.819116  8.061
 15   347.563 52732.52380127 17.36 320.126218  -8.822416  8.061
 16   346.395 52767.52380929 31.48 320.115558  -8.820201 14.774
 16   349.350 52767.52380994 25.09 320.114818  -8.823501 14.774
 17   346.166 52802.52382045 39.52 320.119312  -8.815738 14.722
 17   345.923 52802.52382109 31.45 320.118572  -8.819048 14.722
 17   345.793 52802.52382174 24.02 320.117832  -8.822348 14.722
 18   345.428 52837.52388584 29.09 320.120762  -8.818883 12.872
 18   345.733 52837.52388649 16.87 320.120022  -8.822183 12.872
 19   349.896 52872.52392524 18.53 320.121710  -8.814565 11.915
 19   351.312 52872.52392653 19.46 320.120240  -8.821165 11.915
 20   346.150 52907.52391422 22.61 320.122305  -8.819377 11.462
 20   352.145 52907.52391487 18.14 320.121565  -8.822677 11.462
 23   345.562 53012.52389881 28.14 320.115957  -8.819419  9.558
 23   345.368 53012.52389946 22.47 320.115217  -8.822729  9.558
 24   347.451 53047.52386662 27.56 320.117519  -8.818501 18.758
 24   347.294 53047.52386726 25.05 320.116779  -8.821801 18.758
 25   347.720 53082.52390215 26.87 320.112142  -8.820958 11.985
 25   347.244 53082.52390279 24.34 320.111402  -8.824258 11.985
 25   346.140 53082.52390344 24.52 320.110662  -8.827558 11.985
 26   347.894 53117.52387203 26.52 320.113693  -8.820877 15.744
 26   347.612 53117.52387268 24.06 320.112953  -8.824187 15.744
 27   346.114 53152.52392157 36.33 320.112958  -8.820993 17.640
 27   346.317 53152.52392221 32.86 320.112228  -8.824293 17.640
 28   345.779 53187.52390785 33.78 320.126820  -8.816515 18.889
 28   345.594 53187.52390849 29.91 320.126090  -8.819815 18.889
 29   345.998 53222.52393016 29.17 320.120643  -8.820647 15.829
 29   345.713 53222.52393080 19.85 320.119903  -8.823947 15.829
 30   346.408 53257.52390578 33.14 320.115459  -8.818706 11.025
 30   347.387 53257.52390643 23.36 320.114729  -8.822016 11.025
 30   347.576 53257.52390707 23.15 320.113989  -8.825316 11.025
 32   345.823 53327.52389862 27.60 320.121303  -8.820624 14.163
 32   345.697 53327.52389926 21.13 320.120563  -8.823934 14.163
 33   346.002 53362.52385311 29.05 320.123915  -8.818015 12.786
 33   345.769 53362.52385376 23.94 320.123175  -8.821315 12.786
 34   348.572 53397.52387457 38.83 320.117676  -8.817394 13.957
 34   346.606 53397.52387521 39.66 320.116936  -8.820694 13.957
 34   346.279 53397.52387586 30.64 320.116196  -8.824004 13.957
 35   347.004 53432.52386620 36.12 320.122210  -8.819439 14.459
 35   346.800 53432.52386685 26.68 320.121480  -8.822739 14.459
 36   347.502 53467.52390165 35.36 320.118171  -8.816532 14.666
 36   347.417 53467.52390229 29.86 320.117431  -8.819842 14.666
 36   347.310 53467.52390294 22.31 320.116691  -8.823142 14.666
 37   347.247 53502.52395363 26.54 320.113194  -8.820205 11.420
 37   347.216 53502.52395427 22.49 320.112454  -8.823505 11.420
 37   349.270 53502.52395492 19.83 320.111714  -8.826815 11.420
 38   346.172 53537.52394616 43.90 320.119881  -8.815307 14.529
 38   344.579 53537.52394680 40.06 320.119151  -8.818607 14.529
 38   346.045 53537.52394745 24.72 320.118411  -8.821917 14.529
 39   346.663 53572.52395091 32.76 320.114246  -8.820373 11.963
 39   346.893 53572.52395155 18.78 320.113516  -8.823673 11.963
 40   346.541 53607.52389897 39.36 320.119797  -8.817799 10.827
 40   346.248 53607.52389962 21.57 320.119057  -8.821109 10.827
 40   346.425 53607.52390026 16.92 320.118317  -8.824409 10.827
 41   347.247 53642.52390032 25.03 320.116559  -8.818676 12.046
 41   346.795 53642.52390097 16.13 320.115819  -8.821976 12.046
 41   346.793 53642.52390161 15.60 320.115079  -8.825286 12.046
 42   346.207 53677.52392004 18.79 320.113094  -8.822159 10.739
 42   348.915 53677.52392068 14.80 320.112354  -8.825469 10.739
 43   346.866 53712.52384781 49.65 320.123675  -8.817973 20.842
 43   346.719 53712.52384846 52.08 320.122935  -8.821273 20.842
 44   346.562 53747.52376064 29.10 320.121908  -8.819382 12.039
 44   346.355 53747.52376128 20.99 320.121168  -8.822682 12.039
 45   347.247 53782.52379152 37.92 320.123206  -8.819255 13.061
 45   346.741 53782.52379216 33.67 320.122466  -8.822555 13.061
 46   346.207 53817.52375620 26.96 320.123586  -8.818728 11.027
 46   345.922 53817.52375684 23.30 320.122856  -8.822038 11.027
 47   347.089 53852.52383074 41.44 320.113573  -8.821898 28.513
 47   347.362 53852.52383138 44.51 320.112833  -8.825208 28.513
 48   346.172 53887.52383580 36.04 320.127679  -8.818615 18.060
 48   345.908 53887.52383645 29.60 320.126939  -8.821925 18.060
 50   347.260 53957.52390238 20.14 320.110725  -8.822240 13.453
 50   346.992 53957.52390302 19.37 320.109989  -8.825552 17.779
 51   346.702 53992.52382547 31.00 320.121331  -8.818448 12.748
 51   346.778 53992.52382612 20.78 320.120591  -8.821748 12.748
 52   346.731 54027.52388853 36.15 320.120193  -8.817115 12.801
 52   346.863 54027.52388917 23.40 320.119453  -8.820415 12.801
 52   346.635 54027.52388982 17.84 320.118709  -8.823726 16.769
 53   346.296 54062.52388243 27.06 320.124128  -8.818138 12.053
 53   346.119 54062.52388308 22.43 320.123388  -8.821448 12.053
 54   346.944 54097.52385168 36.37 320.120384  -8.815057 12.554
 54   346.893 54097.52385233 30.05 320.119654  -8.818357 12.554
 54   346.709 54097.52385297 21.89 320.118914  -8.821657 12.554
 55   347.848 54132.52380403 46.16 320.119752  -8.815541 16.249
 55   347.918 54132.52380468 49.01 320.119012  -8.818841 16.249
 55   347.964 54132.52380532 51.00 320.118268  -8.822153 22.738
 56   349.396 54167.52382600 35.58 320.118337  -8.818258 15.406
 56   348.971 54167.52382665 26.65 320.117597  -8.821568 15.406
 57   346.773 54202.52380758 34.75 320.118843  -8.815841 13.765
 57   346.700 54202.52380823 29.81 320.118103  -8.819151 13.765
 57   346.535 54202.52380887 20.71 320.117363  -8.822451 13.765
 58   346.752 54237.52384368 20.16 320.119774  -8.820893 11.547
 58   348.400 54237.52384432 14.88 320.119034  -8.824203 11.547
 59   346.862 54272.52386252 23.75 320.120619  -8.816825  8.765
 59   346.690 54272.52386316 18.64 320.119879  -8.820125  8.765
 59   346.396 54272.52386381 17.40 320.119139  -8.823435  8.765
 60   346.872 54307.52386456 40.60 320.120383  -8.815929 13.819
 60   346.915 54307.52386521 35.66 320.119643  -8.819229 13.819
 60   346.608 54307.52386585 26.45 320.118903  -8.822539 13.819
 61   346.507 54342.52384466 33.23 320.121148  -8.819419 14.665
 61   346.202 54342.52384530 22.22 320.120408  -8.822719 14.665
 62   346.713 54377.52379980 31.43 320.119616  -8.815884 11.907
 62   346.849 54377.52380045 26.96 320.118876  -8.819184 11.907
 62   346.535 54377.52380109 19.82 320.118136  -8.822484 11.907
 63   347.177 54412.52379193 38.40 320.119517  -8.817320 13.019
 63   347.070 54412.52379258 26.77 320.118777  -8.820620 13.019
 63   346.728 54412.52379322 21.79 320.118037  -8.823920 13.019
 66   345.718 54517.52377915 36.86 320.120423  -8.815743 12.224
 66   345.584 54517.52377980 34.34 320.119683  -8.819043 12.224
 66   345.317 54517.52378044 24.75 320.118943  -8.822343 12.224
 67   346.100 54552.52379628 38.36 320.120526  -8.815074 14.108
 67   344.480 54552.52379693 41.94 320.119786  -8.818374 14.108
 67   345.600 54552.52379757 24.59 320.119056  -8.821684 14.108
 68   345.789 54587.52377452 35.18 320.120022  -8.816415 13.813
 68   345.612 54587.52377516 30.22 320.119292  -8.819715 13.813
 68   345.712 54587.52377581 19.99 320.118552  -8.823015 13.813
 69   345.947 54622.52379319 38.39 320.119838  -8.815756 13.549
 69   345.790 54622.52379384 33.70 320.119098  -8.819056 13.549
 69   345.598 54622.52379448 23.17 320.118358  -8.822356 13.549
 70   345.593 54657.52380286 35.53 320.117835  -8.818173 12.809
 70   345.535 54657.52380350 24.85 320.117095  -8.821473 12.809
 71   346.602 54692.52378520 34.32 320.120168  -8.817129 11.299
 71   346.569 54692.52378585 26.06 320.119428  -8.820429 11.299
 71   346.647 54692.52378649 16.28 320.118688  -8.823729 11.299
 72   346.483 54727.52375553 38.02 320.120070  -8.816943 13.577
 72   346.793 54727.52375618 27.20 320.119330  -8.820243 13.577
 72   346.430 54727.52375682 18.98 320.118590  -8.823553 13.577
 73   346.818 54762.52376320 29.94 320.118939  -8.816503  9.840
 73   346.741 54762.52376385 28.39 320.118199  -8.819813  9.840
 73   346.751 54762.52376449 16.46 320.117469  -8.823113  9.840
 74   346.220 54797.52374901 31.95 320.117805  -8.818332 10.070
 74   346.334 54797.52374966 25.63 320.117065  -8.821632 10.070
 75   346.291 54832.52375244 34.00 320.119483  -8.816688 11.610
 75   345.998 54832.52375309 31.51 320.118743  -8.819988 11.610
 75   345.662 54832.52375373 22.74 320.118003  -8.823298 11.610
 76   346.479 54867.52374463 32.55 320.120039  -8.815202 12.368
 76   346.212 54867.52374528 31.28 320.119299  -8.818502 12.368
 76   345.671 54867.52374592 25.13 320.118559  -8.821812 12.368
 77   346.526 54902.52376320 34.37 320.117617  -8.819013 14.076
 77   346.261 54902.52376384 25.03 320.116877  -8.822313 14.076
 78   346.670 54937.52373402 35.71 320.120240  -8.816441 14.347
 78   346.745 54937.52373467 27.96 320.119500  -8.819741 14.347
 78   346.556 54937.52373531 23.56 320.118760  -8.823041 14.347
 79   346.692 54972.52376725 44.85 320.119450  -8.817885 15.646
 79   346.811 54972.52376789 36.28 320.118710  -8.821185 15.646
 79   346.922 54972.52376854 37.78 320.117970  -8.824485 15.646
 80   346.565 55007.52378423 38.89 320.118260  -8.816468 16.376
 80   346.727 55007.52378487 36.89 320.117530  -8.819778 16.376
 80   346.448 55007.52378552 24.33 320.116790  -8.823078 16.376
 81   346.328 55042.52377271 31.56 320.120310  -8.817463 11.494
 81   346.302 55042.52377336 19.84 320.119570  -8.820773 11.494
 81   351.135 55042.52377400 14.17 320.118840  -8.824073 11.494
 82   346.752 55077.52375202 46.53 320.120344  -8.816675 14.631
 82   346.961 55077.52375267 37.57 320.119604  -8.819975 14.631
 82   346.458 55077.52375331 24.66 320.118864  -8.823275 14.631
 83   346.650 55112.52370586 35.38 320.119560  -8.817019 12.471
 83   346.942 55112.52370651 24.15 320.118830  -8.820319 12.471
 83   346.606 55112.52370715 17.73 320.118090  -8.823619 12.471
 84   346.687 55147.52370679 30.24 320.118426  -8.816172  9.080
 84   346.822 55147.52370743 24.94 320.117686  -8.819482  9.080
 84   346.441 55147.52370808 18.98 320.116946  -8.822782  9.080
 85   346.461 55182.52368578 23.57 320.118834  -8.817613 10.150
 85   346.921 55182.52368642 15.50 320.118094  -8.820913 10.150
 85   346.695 55182.52368707 14.03 320.117364  -8.824213 10.150
 86   346.355 55217.52370349 28.27 320.119136  -8.816378 10.131
 86   346.395 55217.52370413 26.43 320.118396  -8.819678 10.131
 86   346.230 55217.52370478 16.27 320.117656  -8.822988 10.131
 87   347.583 55252.52368218 43.70 320.120726  -8.816773 12.029
 87   347.492 55252.52368283 37.10 320.119986  -8.820073 12.029
 87   347.111 55252.52368347 26.86 320.119246  -8.823383 12.029
 88   346.494 55287.52369451 32.86 320.119011  -8.817953 10.387
 88   346.418 55287.52369516 23.24 320.118271  -8.821253 10.387
 89   346.774 55322.52367085 31.43 320.117593  -8.819283  9.628
 89   346.627 55322.52367149 22.38 320.116863  -8.822583  9.628
 90   345.892 55357.52367048 24.96 320.118504  -8.818570  9.594
 90   345.675 55357.52367112 20.95 320.117764  -8.821870  9.594
 91   346.047 55392.52367241 24.71 320.118502  -8.818584  8.305
 91   346.946 55392.52367306 15.63 320.117762  -8.821884  8.305
 92   346.631 55427.52368550 33.84 320.120941  -8.815200 12.186
 92   345.878 55427.52368615 27.48 320.120201  -8.818500 12.186
 92   346.259 55427.52368679 17.25 320.119461  -8.821800 12.186
 93   345.425 55462.52365170 34.66 320.121638  -8.819119 11.367
 93   345.755 55462.52365235 21.58 320.120898  -8.822419 11.367
