#    0.000   0.000   0.000 ;Mean Elev.(m), Avg Gradient(m/km), RMS Gradient(m/km) - SRTM1     
#    0.000   0.000   0.000 ;Mean Elev.(m), Avg Gradient(m/km), RMS Gradient(m/km) - ASTER GDEM
#  307.738  -2.709   6.110 ;Mean Elev.(m), Avg Gradient(m/km), RMS Gradient(m/km) - GMTED2010 
  7 320.859989  -8.709437   306.082   306.082  2 52468.52181427 24.510
  8 320.860122  -8.709918   305.230   303.931  3 52503.52180262 21.646
  9 320.861212  -8.710615   306.391   306.391  2 52538.52178708 24.416
 10 320.858309  -8.708262   306.296   306.296  2 52573.52182795 21.266
 11 320.862905  -8.710638   306.869   306.869  2 52608.52178692 21.940
 12 320.859696  -8.710485   306.287   306.287  2 52643.52178167 40.788
 13 320.865413  -8.710795   311.938   311.938  2 52678.52176335 13.401
 15 320.852614  -8.707525   306.803   306.803  2 52748.52182831 19.121
 16 320.858554  -8.709519   306.186   306.145  3 52783.52176909 29.399
 17 320.858399  -8.708894   306.356   306.356  2 52818.52184644 18.011
 18 320.862442  -8.709733   306.343   306.343  2 52853.52189596 21.708
 20 320.861428  -8.709642   308.133   308.133  2 52923.52188405 19.404
 21 320.866710  -8.709958   306.886   306.886  2 52958.52185033 18.540
 22 320.863050  -8.711578   306.459   306.459  2 52993.52187809 20.051
 24 320.866300  -8.712398   305.920   305.920  2 53063.52185088 35.959
 25 320.857288  -8.707619   306.146   306.146  2 53098.52186550 28.502
 26 320.868157  -8.712609   307.946   307.946  2 53133.52184874 18.451
 28 320.860092  -8.709276   306.634   306.805  3 53203.52192253 25.559
 29 320.867768  -8.711276   308.864   308.864  2 53238.52189109 21.075
 30 320.862600  -8.709619   308.970   308.970  2 53273.52185165 18.031
 31 320.856557  -8.707932   306.816   306.816  2 53308.52190921 19.950
 33 320.864198  -8.710144   308.111   308.111  2 53378.52181802 15.568
 35 320.860819  -8.709417   307.460   307.460  2 53448.52184085 33.686
 36 320.854321  -8.707572   306.615   306.526  3 53483.52192569 24.720
 37 320.862864  -8.710444   306.879   306.879  2 53518.52192499 18.515
 38 320.855403  -8.707441   306.367   306.367  2 53553.52194695 21.375
 40 320.854336  -8.708102   306.276   306.276  2 53623.52186874 19.831
 41 320.858916  -8.710100   306.895   306.895  2 53658.52189643 21.502
 42 320.860619  -8.710183   311.048   311.048  2 53693.52187661 15.276
 43 320.865166  -8.711618   308.774   308.774  2 53728.52179988 19.800
 44 320.867676  -8.711269   308.353   308.353  2 53763.52175934 21.837
 45 320.866175  -8.710010   306.619   306.619  2 53798.52176799 31.667
 47 320.859708  -8.708709   309.698   309.698  2 53868.52182787 19.290
 48 320.859989  -8.709491   306.716   306.716  2 53903.52186015 21.662
 49 320.851916  -8.706841   306.483   306.483  2 53938.52189558 22.093
 50 320.858973  -8.709498   307.141   307.141  2 53973.52185793 19.452
 51 320.862279  -8.710666   307.281   307.271  3 54008.52184794 20.939
 52 320.866162  -8.710730   306.865   306.865  2 54043.52187033 18.698
 53 320.862009  -8.710197   306.826   306.629  3 54078.52186389 49.220
 54 320.862207  -8.711373   307.149   307.149  2 54113.52180130 48.820
 56 320.862671  -8.709427   308.085   308.085  2 54183.52179052 22.024
 57 320.860358  -8.708769   306.231   306.231  2 54218.52181678 28.662
 58 320.860804  -8.710681   307.071   307.071  2 54253.52184220 22.500
 59 320.863743  -8.709362   308.057   308.057  2 54288.52184622 20.162
 60 320.863587  -8.709288   307.944   307.944  2 54323.52184333 18.792
 61 320.864024  -8.710046   308.317   308.317  2 54358.52179987 20.311
 62 320.862617  -8.709314   307.206   307.206  2 54393.52178389 26.487
 63 320.863600  -8.710572   309.815   311.405  3 54428.52175048 21.736
 64 320.862470  -8.710263   311.375   311.417  3 54463.52176263 15.526
 65 320.863416  -8.710557   305.477   305.477  2 54498.52176016 39.640
 66 320.863276  -8.710603   307.932   307.932  2 54533.52177643 18.213
 67 320.863495  -8.710858   306.087   305.941  3 54568.52176376 42.896
 68 320.861358  -8.710034   306.198   306.198  2 54603.52177106 17.760
 69 320.861120  -8.709429   306.384   306.384  2 54638.52178199 21.957
 70 320.860929  -8.709989   311.180   311.180  2 54673.52178462 17.709
 71 320.864714  -8.709687   308.879   308.879  2 54708.52174284 20.490
 72 320.861420  -8.710291   310.812   310.812  2 54743.52175120 19.441
 73 320.863635  -8.710103   306.969   306.969  2 54778.52172599 23.255
 74 320.861793  -8.709332   306.471   306.471  2 54813.52174389 18.057
 75 320.862419  -8.711321   306.508   306.508  2 54848.52172566 22.937
 76 320.860477  -8.709689   306.679   306.697  3 54883.52174806 26.827
 77 320.860751  -8.710370   306.367   306.367  2 54918.52172750 48.536
 78 320.860718  -8.709938   307.916   307.916  2 54953.52174156 28.033
 79 320.859209  -8.709070   306.841   306.772  3 54988.52176612 25.148
 80 320.863400  -8.710813   306.995   307.002  3 55023.52175821 21.645
 81 320.862545  -8.710395   306.874   306.897  3 55058.52175302 20.908
 82 320.862539  -8.709765   306.720   306.720  2 55093.52170779 19.548
 83 320.861798  -8.709310   306.359   306.359  2 55128.52169437 38.493
 84 320.862623  -8.710192   307.545   306.801  3 55163.52166927 22.763
 85 320.861031  -8.709523   306.840   306.680  3 55198.52168552 48.386
 86 320.862081  -8.709076   308.713   308.713  2 55233.52167417 21.106
 87 320.861804  -8.710962   309.200   309.200  2 55268.52168029 21.060
 88 320.864394  -8.710944   308.389   308.389  2 55303.52165340 23.317
 89 320.861825  -8.711075   306.261   306.261  2 55338.52165352 20.367
 90 320.862751  -8.711377   309.170   309.170  2 55373.52164460 13.728
 91 320.863271  -8.710251   308.352   306.850  3 55408.52166481 25.059
 92 320.862712  -8.710590   307.850   306.836  3 55443.52166209 26.445
 93 320.864244  -8.711085   306.973   306.973  2 55478.52160094 30.327
