#    0.000   0.000   0.000 ;Mean Elev.(m), Avg Gradient(m/km), RMS Gradient(m/km) - SRTM1     
#    0.000   0.000   0.000 ;Mean Elev.(m), Avg Gradient(m/km), RMS Gradient(m/km) - ASTER GDEM
#    2.364  -1.927  22.137 ;Mean Elev.(m), Avg Gradient(m/km), RMS Gradient(m/km) - GMTED2010 
  8 323.390212 -10.266129    53.192    53.868  3 52497.51411627  1.976
 11 323.385173 -10.259318     2.190     2.232  4 52602.51412836 39.533
 12 323.385369 -10.258813     3.069     2.967  4 52637.51409829 36.017
 14 323.387710 -10.263283     1.712     1.711  4 52707.51410514 34.366
 15 323.384310 -10.259885     2.961     3.066  4 52742.51413576 38.746
 17 323.384563 -10.259583     2.758     2.808  3 52812.51415597 43.655
 18 323.386717 -10.260772     3.557     3.465  4 52847.51421048 26.401
 19 323.385624 -10.260129     1.930     1.921  4 52882.51424680 50.727
 20 323.389529 -10.266751     2.661     2.692  4 52917.51420491 20.252
 22 323.393343 -10.273953     1.406     1.440  4 52987.51418155 35.563
 23 323.391912 -10.269667    75.094    73.979  3 53022.51416887  3.443
 24 323.392603 -10.270719    73.116    65.177  3 53057.51416199  0.806
 25 323.382524 -10.256601     2.932     2.771  4 53092.51419719 40.855
 29 323.393088 -10.273601    55.303    55.193  3 53232.51421230  1.181
 30 323.388244 -10.263388    76.757    74.310  3 53267.51417910  1.878
 31 323.381134 -10.251430     2.876     2.876  2 53302.51423223 22.778
 32 323.387708 -10.262386     1.931     1.913  3 53337.51420408 35.588
 33 323.390178 -10.268124     1.395     1.320  3 53372.51413996 30.873
 34 323.388970 -10.266180     1.593     1.645  4 53407.51417772 28.277
 35 323.388924 -10.264942     2.300     2.193  4 53442.51416257 26.458
 37 323.387058 -10.265074    72.268    73.603  3 53512.51424531  0.848
 38 323.384095 -10.259738     4.414     4.332  4 53547.51426255 39.231
 39 323.388312 -10.264308    60.069    51.490  3 53582.51423246  2.702
 40 323.386376 -10.262306     3.951     4.291  4 53617.51418758 29.091
 42 323.384968 -10.259180    50.306    49.891  3 53687.51420836  4.037
 43 323.390656 -10.268125     4.311     4.511  3 53722.51413516 19.981
 44 323.392057 -10.274162    55.085    55.085  2 53757.51407026  0.752
 47 323.384576 -10.261433     4.553     4.553  2 53862.51414467 19.545
 48 323.389111 -10.259768     4.203     4.203  2 53897.51416606 23.790
 50 323.383522 -10.257617     3.783     3.323  4 53967.51418831 42.504
 51 323.388939 -10.265344     2.437     2.491  3 54002.51415515 30.302
 52 323.389604 -10.266163    60.879    54.039  4 54037.51419336  0.942
 54 323.388126 -10.263759     3.033     2.966  4 54107.51413616 28.124
 55 323.387300 -10.262368     5.805     5.748  3 54142.51412186 43.348
 56 323.388438 -10.260617     5.424     5.448  3 54177.51411850 44.984
 58 323.387437 -10.262959    85.488    86.386  3 54247.51415772  1.313
 60 323.389475 -10.265382     3.779     3.687  3 54317.51416607 35.785
 64 323.388179 -10.263234     1.956     1.951  3 54457.51407928 36.274
 65 323.389206 -10.264210    72.458    74.766  3 54492.51408436  1.079
 66 323.388982 -10.265937     3.735     3.734  3 54527.51409249 24.462
 69 323.386525 -10.264115    81.828    86.571  3 54632.51410133  0.947
 71 323.389666 -10.266532    56.895    54.548  3 54702.51407340  2.167
 72 323.387666 -10.262406     2.027     2.008  3 54737.51406753 52.677
 73 323.389400 -10.263920     2.880     2.700  3 54772.51405445 22.616
 74 323.386361 -10.263366    54.471    60.830  3 54807.51406094  3.607
 75 323.388340 -10.264691     1.582     1.569  4 54842.51405113 28.597
 77 323.387271 -10.262783     3.058     3.210  4 54912.51405533 31.675
 78 323.386487 -10.261387    70.485   102.983  3 54947.51405486 30.442
 80 323.388229 -10.263652    84.795    84.386  4 55017.51408055  2.374
 81 323.388856 -10.265949     4.438     4.449  4 55052.51407579 19.965
 82 323.388272 -10.263755    76.713    76.984  4 55087.51403898  1.795
 83 323.388599 -10.264056    52.955    53.012  3 55122.51401149  2.521
 84 323.387635 -10.262558     3.993     4.138  3 55157.51399928 22.931
 85 323.387108 -10.261938    83.968    83.365  3 55192.51400043  0.978
 86 323.387661 -10.262796     3.632     3.671  4 55227.51400101 38.337
 87 323.388373 -10.264352     3.475     3.569  3 55262.51399640 31.979
 88 323.388659 -10.265769    72.078    72.664  4 55297.51398478  2.302
 92 323.389554 -10.265845     3.482     3.237  4 55437.51398566 20.394
 93 323.389630 -10.263651    34.481    34.481  2 55472.51393517 13.136
