#    0.000   0.000   0.000 ;Mean Elev.(m), Avg Gradient(m/km), RMS Gradient(m/km) - SRTM1     
#    0.000   0.000   0.000 ;Mean Elev.(m), Avg Gradient(m/km), RMS Gradient(m/km) - ASTER GDEM
#  352.771  -1.469   7.831 ;Mean Elev.(m), Avg Gradient(m/km), RMS Gradient(m/km) - GMTED2010 
  7   354.582 52444.03238388 45.72 319.732466  -9.075324 10.353
  7   353.479 52444.03238453 41.32 319.731734  -9.072022 12.028
  8   353.550 52479.03237784 49.18 319.737186  -9.073146 14.103
  8   354.560 52479.03237849 50.99 319.736446  -9.069836 14.103
  8   353.455 52479.03237913 52.80 319.735706  -9.066536 14.103
  9   353.117 52514.03232460 40.45 319.746612  -9.062839  8.788
  9   351.702 52514.03232524 30.25 319.745882  -9.059539  8.788
 10   353.360 52549.03236730 46.76 319.739452  -9.070347 13.488
 10   354.680 52549.03236795 48.87 319.738712  -9.067047 13.488
 10   353.208 52549.03236859 51.02 319.737982  -9.063747 13.488
 11   354.722 52584.03235947 50.60 319.745197  -9.063844 14.927
 11   353.244 52584.03236011 50.50 319.744457  -9.060534 14.927
 12   353.152 52619.03233500 50.06 319.738095  -9.071679 15.285
 12   353.567 52619.03233565 53.41 319.737355  -9.068369 15.285
 12   353.162 52619.03233629 50.04 319.736615  -9.065069 15.285
 13   353.542 52654.03231786 47.96 319.748301  -9.061781 11.846
 13   353.542 52654.03231850 48.88 319.747561  -9.058481 11.846
 14   353.760 52689.03231375 27.90 319.741283  -9.069290  5.360
 14   354.139 52689.03231440 21.90 319.740553  -9.065990  5.360
 14   358.117 52689.03231504 23.00 319.739813  -9.062690  5.360
 15   353.466 52724.03235910 49.04 319.741980  -9.068329 11.488
 15   353.420 52724.03235975 50.39 319.741240  -9.065029 11.488
 15   353.546 52724.03236039 49.18 319.740510  -9.061729 11.488
 16   353.878 52759.03237693 49.60 319.731698  -9.080078 18.168
 16   353.970 52759.03237758 54.79 319.730958  -9.076778 18.168
 16   353.776 52759.03237822 51.86 319.730218  -9.073478 18.168
 17   353.282 52794.03233379 46.22 319.745385  -9.066012 17.948
 17   353.517 52794.03233444 38.68 319.744645  -9.062712 17.948
 17   352.801 52794.03233508 23.78 319.743905  -9.059412 17.948
 18   354.494 52829.03240135 46.31 319.746832  -9.064206 13.181
 18   354.247 52829.03240199 27.40 319.746092  -9.060906 13.181
 18   352.647 52829.03240264 18.91 319.745352  -9.057606 13.181
 19   353.871 52864.03244611 43.30 319.748156  -9.063459 12.573
 19   353.451 52864.03244676 25.44 319.747416  -9.060159 12.573
 19   353.063 52864.03244740 23.41 319.746676  -9.056859 12.573
 20   353.387 52899.03247423 33.44 319.739811  -9.070624 10.728
 20   353.290 52899.03247488 31.99 319.739071  -9.067314 10.728
 20   353.279 52899.03247552 33.78 319.738331  -9.064014 10.728
 21   353.193 52934.03241839 33.58 319.738300  -9.071182 18.628
 21   353.045 52934.03241904 30.28 319.737560  -9.067882 18.628
 21   353.145 52934.03241968 34.92 319.736830  -9.064582 18.628
 22   352.965 52969.03243147 43.17 319.742422  -9.068261 14.814
 22   352.851 52969.03243211 35.23 319.741682  -9.064961 14.814
 22   352.447 52969.03243275 32.30 319.740942  -9.061661 14.814
 23   353.149 53004.03245100 50.55 319.735441  -9.071368 17.328
 23   353.163 53004.03245164 50.01 319.734701  -9.068068 17.328
 24   353.395 53039.03240040 50.22 319.736959  -9.072255 23.958
 24   353.341 53039.03240105 49.83 319.736229  -9.068955 23.958
 24   353.157 53039.03240169 51.06 319.735489  -9.065645 23.958
 25   352.701 53074.03243020 45.37 319.738902  -9.069807 20.331
 25   352.953 53074.03243084 39.72 319.738162  -9.066507 20.331
 26   353.050 53109.03240051 46.00 319.736832  -9.070636 22.072
 26   353.001 53109.03240115 50.20 319.736102  -9.067336 22.072
 27   354.972 53144.03244105 50.28 319.740278  -9.069171 13.365
 27   354.843 53144.03244170 46.64 319.739538  -9.065871 13.365
 27   353.793 53144.03244234 45.91 319.738798  -9.062571 13.365
 28   353.896 53179.03245823 44.09 319.743841  -9.067603 12.524
 28   353.081 53179.03245888 34.80 319.743101  -9.064293 12.524
 28   357.321 53179.03245952 24.89 319.742361  -9.060993 12.524
 30   353.739 53249.03244870 45.59 319.741067  -9.068583 11.022
 30   353.813 53249.03244935 35.95 319.740327  -9.065273 11.022
 30   358.053 53249.03244999 23.13 319.739587  -9.061973 11.022
 31   353.690 53284.03244296 26.44 319.737861  -9.068762 12.008
 31   358.246 53284.03244361 20.31 319.737121  -9.065462 12.008
 33   352.821 53354.03240315 29.20 319.744780  -9.061530  9.614
 33   353.034 53354.03240379 18.37 319.744040  -9.058220  9.614
 34   353.575 53389.03240298 48.21 319.741617  -9.069415 18.377
 34   353.376 53389.03240363 51.71 319.740877  -9.066115 18.377
 34   353.414 53389.03240427 51.63 319.740137  -9.062815 18.377
 35   355.171 53424.03240311 50.95 319.746233  -9.063122 12.768
 35   355.213 53424.03240375 47.75 319.745493  -9.059822 12.768
 36   356.158 53459.03240822 51.30 319.746481  -9.062779 14.198
 36   354.857 53459.03240887 52.97 319.745741  -9.059479 14.198
 37   354.962 53494.03249223 40.11 319.734940  -9.071864 16.579
 37   354.262 53494.03249288 38.65 319.734200  -9.068554 16.579
 38   354.479 53529.03247034 39.24 319.745837  -9.063520 11.964
 38   353.718 53529.03247099 24.75 319.745097  -9.060220 11.964
 39   353.206 53564.03249920 30.10 319.735328  -9.071494 15.371
 39   352.974 53564.03249984 16.63 319.734598  -9.068194 15.371
 40   353.729 53599.03244092 37.00 319.743726  -9.066437 14.403
 40   353.625 53599.03244157 28.51 319.742996  -9.063137 14.403
 40   353.215 53599.03244221 19.05 319.742256  -9.059837 14.403
 41   353.994 53634.03243665 29.74 319.738724  -9.070210  8.389
 41   354.007 53634.03243729 22.84 319.737984  -9.066910  8.389
 41   353.972 53634.03243794 22.50 319.737244  -9.063610  8.389
 42   354.446 53669.03245806 48.57 319.737210  -9.071328 18.153
 42   353.854 53669.03245871 49.06 319.736470  -9.068018 18.153
 43   353.249 53704.03239880 39.34 319.746209  -9.065424 10.274
 43   352.510 53704.03239944 36.71 319.745479  -9.062124 10.274
 43   352.589 53704.03240009 19.89 319.744739  -9.058814 10.274
 44   353.754 53739.03230788 51.34 319.745296  -9.066396 13.622
 44   354.958 53739.03230852 53.91 319.744556  -9.063096 13.622
 44   353.808 53739.03230917 49.56 319.743826  -9.059796 13.622
 45   354.031 53774.03232634 52.63 319.746413  -9.061982 13.811
 45   353.843 53774.03232699 56.27 319.745683  -9.058682 13.811
 46   353.683 53809.03231013 36.20 319.743920  -9.067597 10.160
 46   353.785 53809.03231077 34.03 319.743180  -9.064287 10.160
 46   353.631 53809.03231142 33.80 319.742440  -9.060987 10.160
 48   354.646 53879.03238119 50.15 319.744630  -9.064344 13.834
 48   353.830 53879.03238183 48.73 319.743890  -9.061044 13.834
 49   354.261 53914.03243510 42.43 319.735465  -9.071567 17.154
 49   353.887 53914.03243574 46.03 319.734725  -9.068267 17.154
 50   353.936 53949.03244623 51.02 319.733909  -9.075599 12.396
 50   353.799 53949.03244688 30.68 319.733169  -9.072289 12.396
 50   356.203 53949.03244752 20.13 319.732429  -9.068989 12.396
 51   353.717 53984.03238638 20.39 319.740586  -9.069171  9.184
 51   353.509 53984.03238702 20.12 319.739846  -9.065861  9.184
 51   358.568 53984.03238767 27.19 319.739106  -9.062561  9.184
 52   353.878 54019.03241989 30.68 319.743665  -9.067584 12.305
 52   354.080 54019.03242054 26.83 319.742935  -9.064284 12.305
 52   353.593 54019.03242118 20.59 319.742195  -9.060984 12.305
 53   353.326 54054.03241116 43.79 319.750050  -9.062681 10.123
 53   353.789 54054.03241181 30.13 319.749310  -9.059381 10.123
 53   353.849 54054.03241245 18.49 319.748570  -9.056081 10.123
 54   354.071 54089.03240144 45.42 319.743107  -9.069079 13.838
 54   355.301 54089.03240208 49.11 319.742367  -9.065769 13.838
 54   354.939 54089.03240273 40.20 319.741627  -9.062469 13.838
 55   354.336 54124.03232490 46.49 319.743998  -9.068088 13.898
 55   355.637 54124.03232554 51.47 319.743268  -9.064788 13.898
 55   354.406 54124.03232619 40.63 319.742528  -9.061488 13.898
 56   356.531 54159.03236691 40.47 319.741265  -9.069318 13.673
 56   356.335 54159.03236755 32.73 319.740533  -9.066014 17.557
 56   356.093 54159.03236820 29.60 319.739793  -9.062714 17.557
 57   353.894 54194.03232733 46.31 319.743142  -9.067770 14.689
 57   354.342 54194.03232798 48.47 319.742402  -9.064470 14.689
 57   354.006 54194.03232862 49.87 319.741662  -9.061160 14.689
 58   354.062 54229.03237929 46.88 319.741784  -9.067966 12.579
 58   353.784 54229.03237994 37.66 319.741044  -9.064666 12.579
 58   357.663 54229.03238058 21.56 319.740304  -9.061366 12.579
 59   354.349 54264.03239808 32.38 319.742334  -9.067838 10.138
 59   354.112 54264.03239873 26.72 319.741594  -9.064538 10.138
 59   353.679 54264.03239937 22.39 319.740854  -9.061238 10.138
 60   354.023 54299.03240129 43.43 319.743371  -9.068104 11.879
 60   354.817 54299.03240194 40.03 319.742631  -9.064804 11.879
 60   354.038 54299.03240258 38.04 319.741891  -9.061504 11.879
 61   353.754 54334.03239145 36.77 319.742844  -9.069080 13.662
 61   353.913 54334.03239209 34.03 319.742104  -9.065770 13.662
 61   353.407 54334.03239273 24.51 319.741364  -9.062470 13.662
 63   354.337 54404.03233488 41.97 319.742368  -9.070264  9.569
 63   354.087 54404.03233552 50.99 319.741628  -9.066964  9.569
 63   354.203 54404.03233616 48.38 319.740888  -9.063661 12.872
 64   353.945 54439.03229212 41.71 319.743128  -9.069566  8.286
 64   355.444 54439.03229277 43.33 319.742388  -9.066265 10.757
 64   354.383 54439.03229341 36.03 319.741648  -9.062965 10.757
 65   354.224 54474.03232217 53.47 319.743572  -9.065041 12.656
 65   353.471 54474.03232282 51.78 319.742832  -9.061741 12.656
 66   354.166 54509.03230497 47.48 319.742913  -9.065620 15.427
 66   352.727 54509.03230562 48.30 319.742173  -9.062320 15.427
 67   353.025 54544.03233595 52.07 319.742742  -9.067499 16.574
 67   352.983 54544.03233659 50.93 319.742002  -9.064199 16.574
 67   352.998 54544.03233724 48.82 319.741272  -9.060899 16.574
 68   352.812 54579.03230486 46.38 319.742895  -9.068742 16.255
 68   352.770 54579.03230551 48.47 319.742155  -9.065442 16.255
 68   352.703 54579.03230615 32.85 319.741425  -9.062142 16.255
 69   353.152 54614.03232648 33.65 319.743062  -9.068665 13.029
 69   353.491 54614.03232713 32.28 319.742332  -9.065365 13.029
 69   352.886 54614.03232777 24.83 319.741592  -9.062065 13.029
 70   353.950 54649.03233496 21.28 319.741506  -9.069412 10.004
 70   353.772 54649.03233561 21.79 319.740766  -9.066112 10.004
 70   357.787 54649.03233625 20.10 319.740026  -9.062812 10.004
 71   353.830 54684.03233273 19.22 319.741844  -9.069591  7.497
 71   353.570 54684.03233337 20.58 319.741104  -9.066291  7.497
 71   357.371 54684.03233402 19.67 319.740364  -9.062991  7.497
 72   354.298 54719.03228071 30.47 319.743635  -9.065145 11.794
 72   353.815 54719.03228136 22.50 319.742895  -9.061845 11.794
 73   353.666 54754.03230634 21.65 319.741996  -9.068329 11.947
 73   353.631 54754.03230698 19.87 319.741266  -9.065029 11.947
 73   353.199 54754.03230763 19.71 319.740526  -9.061729 11.947
 74   353.804 54789.03227256 47.34 319.742563  -9.068657 15.762
 74   354.904 54789.03227321 47.93 319.741823  -9.065357 15.762
 74   353.752 54789.03227385 51.94 319.741083  -9.062057 15.762
 75   353.756 54824.03230151 45.19 319.743049  -9.068242 14.811
 75   353.789 54824.03230215 45.02 319.742309  -9.064942 14.811
 75   354.570 54824.03230280 39.24 319.741579  -9.061642 14.811
 76   353.075 54859.03226671 51.62 319.744131  -9.066636 14.224
 76   354.454 54859.03226735 49.88 319.743391  -9.063336 14.224
 76   353.087 54859.03226800 50.35 319.742651  -9.060036 14.224
 77   352.999 54894.03230273 18.47 319.741011  -9.070473  9.877
 77   357.213 54894.03230338 15.34 319.740271  -9.067173  9.877
 77   357.877 54894.03230402 16.53 319.739541  -9.063873  9.877
 78   353.558 54929.03226543 49.92 319.741666  -9.069646 17.578
 78   354.495 54929.03226608 53.15 319.740926  -9.066336 17.578
 78   353.529 54929.03226672 50.01 319.740186  -9.063036 17.578
 79   354.039 54964.03230354 49.12 319.741493  -9.069493 18.558
 79   354.147 54964.03230419 52.24 319.740763  -9.066193 18.558
 79   353.908 54964.03230483 54.00 319.740023  -9.062893 18.558
 80   354.510 54999.03232389 50.55 319.739507  -9.069547 16.876
 80   353.610 54999.03232453 50.74 319.738777  -9.066247 16.876
 80   353.807 54999.03232518 49.02 319.738037  -9.062947 16.876
 81   354.725 55034.03231125 27.07 319.742366  -9.068656  9.264
 81   354.228 55034.03231189 24.33 319.741626  -9.065346  9.264
 81   353.488 55034.03231254 20.41 319.740886  -9.062046  9.264
 82   353.632 55069.03230038 21.09 319.742177  -9.069899  8.392
 82   353.560 55069.03230102 17.73 319.741437  -9.066599  8.392
 82   358.126 55069.03230167 15.55 319.740697  -9.063299  8.392
 83   353.894 55104.03224028 49.72 319.741575  -9.068942 14.732
 83   354.839 55104.03224092 48.02 319.740835  -9.065642 14.732
 83   353.991 55104.03224157 48.07 319.740095  -9.062342 14.732
 84   353.868 55139.03224705 46.51 319.742711  -9.070027 15.345
 84   354.620 55139.03224770 53.71 319.741971  -9.066727 15.345
 84   353.666 55139.03224834 52.06 319.741231  -9.063427 15.345
 85   355.003 55174.03220830 48.79 319.743479  -9.066958 15.170
 85   354.862 55174.03220895 50.33 319.742749  -9.063658 15.170
 85   353.658 55174.03220959 52.03 319.742009  -9.060358 15.170
 86   354.181 55209.03224292 49.68 319.742141  -9.067764 20.437
 86   353.569 55209.03224357 49.10 319.741411  -9.064464 20.437
 86   353.521 55209.03224421 44.35 319.740671  -9.061164 20.437
 87   353.698 55244.03221340 41.40 319.742281  -9.068870 14.252
 87   354.554 55244.03221404 33.35 319.741541  -9.065560 14.252
 87   353.621 55244.03221469 39.88 319.740801  -9.062260 14.252
 88   353.745 55279.03223579 50.36 319.741543  -9.069791 20.458
 88   353.570 55279.03223643 55.22 319.740803  -9.066491 20.458
 88   353.674 55279.03223708 48.32 319.740063  -9.063191 20.458
 89   354.075 55314.03220062 50.81 319.741775  -9.068437 18.400
 89   354.102 55314.03220127 49.02 319.741035  -9.065137 18.400
 89   353.413 55314.03220191 48.63 319.740295  -9.061837 18.400
 90   353.186 55349.03220736 20.53 319.742440  -9.069877  8.276
 90   353.154 55349.03220800 19.80 319.741700  -9.066577  8.276
 90   357.075 55349.03220865 19.66 319.740970  -9.063277  8.276
 91   353.093 55384.03219888 48.47 319.742302  -9.070179 15.935
 91   354.197 55384.03219953 53.27 319.741562  -9.066879 15.935
 91   353.702 55384.03220017 47.86 319.740822  -9.063579 15.935
 92   353.518 55419.03222613 24.51 319.742993  -9.068552 11.908
 92   354.064 55419.03222678 24.82 319.742253  -9.065252 11.908
 92   353.099 55419.03222742 24.35 319.741523  -9.061952 11.908
 93   353.521 55454.03220516 21.61 319.742088  -9.069293 10.115
 93   353.860 55454.03220580 22.34 319.741348  -9.065993 10.115
 93   357.168 55454.03220645 18.51 319.740608  -9.062693 10.115
 94   354.642 55489.03212517 51.06 319.742150  -9.067608 14.559
 94   354.525 55489.03212581 51.74 319.741410  -9.064298 14.559
 94   353.364 55489.03212646 51.32 319.740670  -9.060998 14.559
