#    0.000   0.000   0.000 ;Mean Elev.(m), Avg Gradient(m/km), RMS Gradient(m/km) - SRTM1     
#    0.000   0.000   0.000 ;Mean Elev.(m), Avg Gradient(m/km), RMS Gradient(m/km) - ASTER GDEM
#  352.771  -1.469   7.831 ;Mean Elev.(m), Avg Gradient(m/km), RMS Gradient(m/km) - GMTED2010 
  7 319.732100  -9.073673   354.031   354.031  2 52444.03238421 44.055
  8 319.736446  -9.069839   353.855   353.550  3 52479.03237849 51.238
  9 319.746247  -9.061189   352.409   352.409  2 52514.03232492 37.836
 10 319.738715  -9.067047   353.749   353.360  3 52549.03236795 49.225
 11 319.744827  -9.062189   353.983   353.983  2 52584.03235979 50.550
 12 319.737355  -9.068372   353.294   353.162  3 52619.03233565 51.478
 13 319.747931  -9.060131   353.542   353.542  2 52654.03231818 48.444
 14 319.740550  -9.065990   355.339   354.139  3 52689.03231440 25.101
 15 319.741243  -9.065029   353.478   353.466  3 52724.03235975 49.580
 16 319.730958  -9.076778   353.875   353.878  3 52759.03237758 52.600
 17 319.744645  -9.062712   353.200   353.282  3 52794.03233444 42.175
 18 319.746092  -9.060906   353.796   354.247  3 52829.03240199 41.602
 19 319.747416  -9.060159   353.462   353.451  3 52864.03244676 38.643
 20 319.739071  -9.067317   353.318   353.290  3 52899.03247488 33.137
 21 319.737563  -9.067882   353.127   353.145  3 52934.03241904 33.325
 22 319.741682  -9.064961   352.754   352.851  3 52969.03243211 39.342
 23 319.735071  -9.069718   353.156   353.156  2 53004.03245132 50.288
 24 319.736226  -9.068952   353.298   353.341  3 53039.03240105 50.401
 25 319.738532  -9.068157   352.827   352.827  2 53074.03243052 43.405
 26 319.736467  -9.068986   353.026   353.026  2 53109.03240083 48.589
 27 319.739538  -9.065871   354.536   354.843  3 53144.03244170 48.057
 28 319.743101  -9.064296   354.766   353.896  3 53179.03245888 39.849
 30 319.740327  -9.065276   355.202   353.813  3 53249.03244935 41.289
 31 319.737491  -9.067112   355.968   355.968  2 53284.03244329 24.377
 33 319.744410  -9.059875   352.928   352.928  2 53354.03240347 26.534
 34 319.740877  -9.066115   353.455   353.414  3 53389.03240363 50.792
 35 319.745863  -9.061472   355.192   355.192  2 53424.03240343 49.638
 36 319.746111  -9.061129   355.507   355.507  2 53459.03240855 52.215
 37 319.734570  -9.070209   354.612   354.612  2 53494.03249255 39.441
 38 319.745467  -9.061870   354.099   354.099  2 53529.03247066 36.381
 39 319.734963  -9.069844   353.090   353.090  2 53564.03249952 27.281
 40 319.742993  -9.063137   353.523   353.625  3 53599.03244157 32.864
 41 319.737984  -9.066910   353.991   353.994  3 53634.03243729 26.408
 42 319.736840  -9.069673   354.150   354.150  2 53669.03245839 48.822
 43 319.745476  -9.062121   352.783   352.589  3 53704.03239944 36.492
 44 319.744559  -9.063096   354.173   353.808  3 53739.03230852 51.973
 45 319.746048  -9.060332   353.937   353.937  2 53774.03232667 54.821
 46 319.743180  -9.064290   353.700   353.683  3 53809.03231077 34.818
 48 319.744260  -9.062694   354.238   354.238  2 53879.03238151 49.498
 49 319.735095  -9.069917   354.074   354.074  2 53914.03243542 44.593
 50 319.733169  -9.072292   354.646   353.936  3 53949.03244688 46.292
 51 319.739846  -9.065864   355.265   353.717  3 53984.03238702 23.896
 52 319.742932  -9.064284   353.850   353.878  3 54019.03242054 27.699
 53 319.749310  -9.059381   353.655   353.789  3 54054.03241181 39.214
 54 319.742367  -9.065772   354.770   354.939  3 54089.03240208 46.259
 55 319.743265  -9.064788   354.793   354.406  3 54124.03232554 48.160
 56 319.740530  -9.066015   356.320   356.335  3 54159.03236755 36.668
 57 319.742402  -9.064467   354.080   354.006  3 54194.03232798 48.453
 58 319.741044  -9.064666   355.170   354.062  3 54229.03237994 42.611
 59 319.741594  -9.064538   354.047   354.112  3 54264.03239873 28.982
 60 319.742631  -9.064804   354.292   354.038  3 54299.03240194 41.080
 61 319.742104  -9.065773   353.692   353.754  3 54334.03239209 34.017
 63 319.741628  -9.066963   354.209   354.203  3 54404.03233552 48.455
 64 319.742388  -9.066265   354.591   354.383  3 54439.03229277 41.288
 65 319.743202  -9.063391   353.848   353.848  2 54474.03232249 52.707
 66 319.742543  -9.063970   353.447   353.447  2 54509.03230530 47.909
 67 319.742005  -9.064199   353.002   352.998  3 54544.03233659 50.806
 68 319.742158  -9.065442   352.761   352.770  3 54579.03230551 45.862
 69 319.742329  -9.065365   353.176   353.152  3 54614.03232713 31.575
 70 319.740766  -9.066112   355.169   353.950  3 54649.03233561 21.113
 71 319.741104  -9.066291   354.923   353.830  3 54684.03233337 19.861
 72 319.743265  -9.063495   354.057   354.057  2 54719.03228103 28.103
 73 319.741263  -9.065029   353.499   353.631  3 54754.03230698 20.503
 74 319.741823  -9.065357   354.153   353.804  3 54789.03227321 49.584
 75 319.742312  -9.064942   354.038   353.789  3 54824.03230215 43.874
 76 319.743391  -9.063336   353.539   353.087  3 54859.03226735 50.680
 77 319.740274  -9.067173   356.030   357.213  3 54894.03230338 16.975
 78 319.740926  -9.066339   353.861   353.558  3 54929.03226608 51.303
 79 319.740760  -9.066193   354.031   354.039  3 54964.03230419 52.221
 80 319.738774  -9.066247   353.975   353.807  3 54999.03232453 50.169
 81 319.741626  -9.065349   354.147   354.228  3 55034.03231189 24.724
 82 319.741437  -9.066599   355.106   353.632  3 55069.03230102 18.726
 83 319.740835  -9.065642   354.242   353.991  3 55104.03224092 48.678
 84 319.741971  -9.066727   354.052   353.868  3 55139.03224770 51.668
 85 319.742746  -9.063658   354.508   354.862  3 55174.03220895 50.584
 86 319.741408  -9.064464   353.757   353.569  3 55209.03224357 48.270
 87 319.741541  -9.065563   353.957   353.698  3 55244.03221404 39.327
 88 319.740803  -9.066491   353.663   353.674  3 55279.03223643 52.298
 89 319.741035  -9.065137   353.863   354.075  3 55314.03220127 49.594
 90 319.741703  -9.066577   354.472   353.186  3 55349.03220800 20.014
 91 319.741562  -9.066879   353.664   353.702  3 55384.03219953 50.591
 92 319.742256  -9.065252   353.560   353.518  3 55419.03222678 24.564
 93 319.741348  -9.065993   354.850   353.860  3 55454.03220580 21.108
 94 319.741410  -9.064301   354.177   354.525  3 55489.03212581 51.382
