#    0.000   0.000   0.000 ;Mean Elev.(m), Avg Gradient(m/km), RMS Gradient(m/km) - SRTM1     
#    0.000   0.000   0.000 ;Mean Elev.(m), Avg Gradient(m/km), RMS Gradient(m/km) - ASTER GDEM
#    2.364  -1.927  22.137 ;Mean Elev.(m), Avg Gradient(m/km), RMS Gradient(m/km) - GMTED2010 
  8    53.975 52497.51411562  1.45 323.390955 -10.262826  5.089
  8    53.868 52497.51411627  1.82 323.390215 -10.266126  5.089
  8    51.734 52497.51411691  2.58 323.389465 -10.269436  5.089
 11     2.623 52602.51412739 36.39 323.386288 -10.254363 22.670
 11     1.851 52602.51412804 40.69 323.385548 -10.257663 22.670
 11     2.613 52602.51412868 36.95 323.384798 -10.260973 22.670
 11     1.674 52602.51412933 41.73 323.384058 -10.264273 22.670
 12     3.090 52637.51409732 28.26 323.386483 -10.253856  9.458
 12     2.742 52637.51409797 39.80 323.385743 -10.257166  9.458
 12     3.601 52637.51409861 34.79 323.384995 -10.260461 11.124
 12     2.845 52637.51409925 34.40 323.384255 -10.263771 11.124
 14     1.872 52707.51410417 29.01 323.388828 -10.258333 14.749
 14     1.762 52707.51410482 31.07 323.388078 -10.261633 14.749
 14     1.552 52707.51410546 39.29 323.387338 -10.264933 14.749
 14     1.661 52707.51410611 25.62 323.386598 -10.268233 14.749
 15     2.901 52742.51413479 40.41 323.385425 -10.254935 15.145
 15     1.848 52742.51413544 42.21 323.384685 -10.258235 15.145
 15     3.231 52742.51413608 33.15 323.383935 -10.261535 15.145
 15     3.864 52742.51413673 24.40 323.383195 -10.264835 15.145
 17     2.554 52812.51415532 45.76 323.385303 -10.256276 13.749
 17     2.912 52812.51415597 42.33 323.384563 -10.259586 13.749
 17     2.808 52812.51415661 41.71 323.383823 -10.262886 13.749
 18     4.331 52847.51420951 23.65 323.387829 -10.255816 13.484
 18     2.966 52847.51421015 26.45 323.387089 -10.259126 13.484
 18     3.389 52847.51421080 29.21 323.386349 -10.262426 13.484
 18     3.541 52847.51421144 23.79 323.385601 -10.265720 15.005
 19     1.936 52882.51424583 49.25 323.386736 -10.255177 17.477
 19     1.995 52882.51424648 50.47 323.385993 -10.258473 16.165
 19     1.883 52882.51424712 51.60 323.385253 -10.261783 16.165
 19     1.905 52882.51424777 51.23 323.384513 -10.265083 16.165
 20     2.372 52917.51420395 21.06 323.390638 -10.261799 16.799
 20     2.819 52917.51420459 19.66 323.389899 -10.265095 14.395
 20     2.888 52917.51420524 19.69 323.389159 -10.268405 14.395
 20     2.565 52917.51420588 20.44 323.388419 -10.271705 14.395
 22     1.590 52987.51418058 34.38 323.394454 -10.268999 23.220
 22     1.500 52987.51418122 40.32 323.393714 -10.272299 23.220
 22     1.381 52987.51418187 28.64 323.392974 -10.275609 23.220
 22     1.153 52987.51418251 22.07 323.392230 -10.278904 10.144
 23    73.979 53022.51416822  3.65 323.392652 -10.266367  3.417
 23    85.993 53022.51416887  3.54 323.391912 -10.269667  3.417
 23    65.309 53022.51416951  3.12 323.391172 -10.272967  3.417
 24    65.177 53057.51416134  1.17 323.393345 -10.267414  3.304
 24    63.645 53057.51416199  0.74 323.392605 -10.270724  3.304
 24    90.527 53057.51416263  0.48 323.391859 -10.274018 11.270
 25     3.562 53092.51419623 41.01 323.383634 -10.251651 21.045
 25     2.808 53092.51419687 41.75 323.382894 -10.254951 21.045
 25     2.623 53092.51419752 41.45 323.382154 -10.258251 21.045
 25     2.734 53092.51419816 38.55 323.381414 -10.261551 21.045
 29    55.547 53232.51421165  1.55 323.393828 -10.270294  5.479
 29    55.170 53232.51421230  1.16 323.393088 -10.273604  5.479
 29    55.193 53232.51421294  0.80 323.392348 -10.276904  5.479
 30    74.310 53267.51417845  1.78 323.388991 -10.260088  4.763
 30    68.008 53267.51417910  1.80 323.388241 -10.263388  4.763
 30    87.954 53267.51417974  2.05 323.387501 -10.266688  4.763
 31     2.391 53302.51423191 23.97 323.381504 -10.249780 16.177
 31     3.360 53302.51423255 21.13 323.380764 -10.253080 16.177
 32     1.874 53337.51420344 35.47 323.388451 -10.259086 37.310
 32     1.913 53337.51420408 35.26 323.387711 -10.262386 37.310
 32     2.005 53337.51420473 36.00 323.386961 -10.265686 37.310
 33     1.320 53372.51413932 33.86 323.390921 -10.264821 35.611
 33     1.176 53372.51413996 30.03 323.390181 -10.268121 35.611
 33     1.688 53372.51414060 23.59 323.389431 -10.271431 35.611
 34     1.662 53407.51417675 29.82 323.390088 -10.261225 23.649
 34     1.781 53407.51417739 29.40 323.389338 -10.264525 23.649
 34     1.627 53407.51417804 27.83 323.388598 -10.267835 23.649
 34     1.302 53407.51417868 24.03 323.387858 -10.271135 23.649
 35     2.219 53442.51416161 26.80 323.390036 -10.259987 35.079
 35     2.167 53442.51416225 26.61 323.389296 -10.263287 35.079
 35     2.080 53442.51416290 25.65 323.388556 -10.266597 35.079
 35     2.734 53442.51416354 26.68 323.387806 -10.269897 35.079
 37    74.500 53512.51424466  0.99 323.387805 -10.261771  3.389
 37    73.603 53512.51424531  0.76 323.387055 -10.265071  3.389
 37    68.702 53512.51424595  0.79 323.386315 -10.268381  3.389
 38     4.397 53547.51426158 36.27 323.385210 -10.254786 21.151
 38     5.144 53547.51426223 42.16 323.384470 -10.258086 21.151
 38     4.266 53547.51426287 39.82 323.383720 -10.261386 21.151
 38     3.848 53547.51426352 35.10 323.382980 -10.264696 21.151
 39    77.366 53582.51423182  1.79 323.389052 -10.261005  3.826
 39    51.490 53582.51423246  3.65 323.388312 -10.264305  3.826
 39    51.352 53582.51423311  2.46 323.387572 -10.267615  3.826
 40     4.553 53617.51418661 24.93 323.387486 -10.257356 23.818
 40     5.069 53617.51418726 30.69 323.386746 -10.260656 23.818
 40     2.153 53617.51418790 32.11 323.386006 -10.263956 23.818
 40     4.030 53617.51418855 21.32 323.385266 -10.267256 23.818
 42    49.258 53687.51420771  6.11 323.385708 -10.255880  4.256
 42    51.769 53687.51420836  2.39 323.384968 -10.259180  4.256
 42    49.891 53687.51420900  2.51 323.384228 -10.262480  4.256
 43     4.511 53722.51413451 18.70 323.391399 -10.264822 21.551
 43     4.511 53722.51413516 20.67 323.390659 -10.268122 21.551
 43     3.912 53722.51413580 20.33 323.389909 -10.271432 21.551
 44    55.639 53757.51406994  0.19 323.392432 -10.272512  3.590
 44    54.531 53757.51407058  1.25 323.391682 -10.275812  3.590
 47     3.874 53862.51414435 12.16 323.384946 -10.259783 10.226
 47     5.231 53862.51414499 22.14 323.384206 -10.263083 10.226
 48     4.192 53897.51416574 23.35 323.389481 -10.258118 26.220
 48     4.214 53897.51416638 24.19 323.388741 -10.261418 26.220
 50     3.804 53967.51418734 43.71 323.384635 -10.252664 19.677
 50     5.908 53967.51418799 40.19 323.383895 -10.255964 19.677
 50     2.843 53967.51418863 42.25 323.383155 -10.259264 19.677
 50     2.579 53967.51418927 43.11 323.382405 -10.262574 19.677
 51     2.491 54002.51415451 32.22 323.389679 -10.262044 32.212
 51     2.519 54002.51415515 30.06 323.388939 -10.265344 32.212
 51     2.300 54002.51415580 27.28 323.388199 -10.268644 32.212
 52    55.062 54037.51419239  0.82 323.390714 -10.261213  5.230
 52    84.574 54037.51419304  0.74 323.389974 -10.264513  5.230
 52    53.016 54037.51419368  0.82 323.389234 -10.267813  5.230
 52    50.864 54037.51419433  1.36 323.388494 -10.271113  5.230
 54     3.510 54107.51413519 26.06 323.389244 -10.258802 27.991
 54     3.916 54107.51413584 25.21 323.388494 -10.262112 27.991
 54     2.423 54107.51413648 32.16 323.387754 -10.265412 27.991
 54     2.285 54107.51413713 23.37 323.387014 -10.268712 27.991
 55     6.408 54142.51412122 45.67 323.388040 -10.259068 28.924
 55     5.748 54142.51412186 42.82 323.387300 -10.262368 28.924
 55     5.259 54142.51412251 39.45 323.386560 -10.265668 28.924
 56     5.448 54177.51411786 42.10 323.389181 -10.257314 17.149
 56     5.483 54177.51411850 47.38 323.388441 -10.260614 17.149
 56     5.340 54177.51411915 43.73 323.387691 -10.263924 17.149
 58    83.095 54247.51415707  0.76 323.388184 -10.259656  2.650
 58    86.386 54247.51415772  1.77 323.387434 -10.262956  2.650
 58    86.985 54247.51415836  1.35 323.386694 -10.266266  2.650
 60     4.154 54317.51416542 32.28 323.390222 -10.262082 13.297
 60     3.496 54317.51416607 38.82 323.389472 -10.265382 13.297
 60     3.687 54317.51416671 33.13 323.388732 -10.268682 13.297
 64     1.894 54457.51407863 30.43 323.388926 -10.259927 31.097
 64     1.951 54457.51407928 37.14 323.388176 -10.263237 31.097
 64     2.025 54457.51407992 38.09 323.387436 -10.266537 31.097
 65    75.541 54492.51408371  0.79 323.389949 -10.260903  2.599
 65    74.766 54492.51408436  0.88 323.389209 -10.264213  2.599
 65    67.066 54492.51408500  1.53 323.388459 -10.267513  2.599
 66     3.838 54527.51409184 26.65 323.389729 -10.262637 14.540
 66     3.734 54527.51409249 24.53 323.388979 -10.265937 14.540
 66     3.632 54527.51409313 19.64 323.388239 -10.269237 14.540
 69    87.615 54632.51410068  0.16 323.387265 -10.260815  7.405
 69    86.571 54632.51410133  1.12 323.386525 -10.264115  7.405
 69    71.299 54632.51410197  1.46 323.385785 -10.267415  7.405
 71    54.548 54702.51407276  1.98 323.390406 -10.263232  3.447
 71    63.967 54702.51407340  1.91 323.389666 -10.266532  3.447
 71    52.169 54702.51407405  2.58 323.388926 -10.269832  3.447
 72     2.008 54737.51406688 51.17 323.388406 -10.259106 17.057
 72     1.895 54737.51406753 55.58 323.387666 -10.262406 17.057
 72     2.177 54737.51406817 48.02 323.386926 -10.265706 17.057
 73     3.352 54772.51405380 21.88 323.390140 -10.260623 17.347
 73     2.700 54772.51405445 23.09 323.389400 -10.263919 11.913
 73     2.587 54772.51405509 22.79 323.388660 -10.267219 11.913
 74    67.793 54807.51406030  0.23 323.387101 -10.260066  5.144
 74    34.791 54807.51406094  6.72 323.386361 -10.263366  5.144
 74    60.830 54807.51406159  0.53 323.385621 -10.266666  5.144
 75     1.561 54842.51405017 30.03 323.389451 -10.259740 16.401
 75     1.578 54842.51405081 31.26 323.388710 -10.263035 14.191
 75     1.673 54842.51405146 26.18 323.387970 -10.266345 14.191
 75     1.514 54842.51405210 21.37 323.387230 -10.269645 14.191
 77     3.259 54912.51405437 26.80 323.388380 -10.257834 19.832
 77     3.274 54912.51405501 29.28 323.387640 -10.261134 19.832
 77     3.160 54912.51405566 36.36 323.386902 -10.264432 14.847
 77     2.538 54912.51405630 23.64 323.386162 -10.267732 14.847
 78     4.512 54947.51405421 35.13 323.387227 -10.258080 10.087
 78   103.960 54947.51405486 17.12 323.386487 -10.261390 10.087
 78   102.983 54947.51405550 10.47 323.385747 -10.264690 10.087
 80    81.778 55017.51407958  1.87 323.389339 -10.258702  5.011
 80    83.084 55017.51408023  1.86 323.388599 -10.262002  5.011
 80    85.687 55017.51408087  2.80 323.387859 -10.265302  5.011
 80    88.630 55017.51408152  2.86 323.387119 -10.268602  5.011
 81     4.625 55052.51407482 19.18 323.389967 -10.260994 16.610
 81     4.187 55052.51407547 19.08 323.389227 -10.264304 16.610
 81     4.273 55052.51407611 20.18 323.388485 -10.267600 11.894
 81     4.666 55052.51407676 21.10 323.387745 -10.270900 11.894
 82    80.103 55087.51403801  0.88 323.389386 -10.258801  6.601
 82    81.332 55087.51403865  1.55 323.388646 -10.262101  6.601
 82    73.865 55087.51403930  1.96 323.387896 -10.265411  6.601
 82    71.552 55087.51403994  2.61 323.387160 -10.268706 12.490
 83    54.369 55122.51401084  2.25 323.389346 -10.260756  9.850
 83    53.012 55122.51401149  2.33 323.388596 -10.264056  9.850
 83    51.483 55122.51401213  2.95 323.387856 -10.267356  9.850
 84     4.371 55157.51399864 20.81 323.388375 -10.259259 20.696
 84     4.138 55157.51399928 25.50 323.387635 -10.262559 20.696
 84     3.470 55157.51399993 20.56 323.386895 -10.265856 12.283
 85    82.061 55192.51399979  0.98 323.387848 -10.258631  4.088
 85    83.365 55192.51400043  0.73 323.387108 -10.261941  4.088
 85    86.477 55192.51400108  1.21 323.386368 -10.265241  4.088
 86     3.877 55227.51400005 31.19 323.388770 -10.257845 18.565
 86     3.911 55227.51400069 35.61 323.388032 -10.261140 12.180
 86     3.466 55227.51400134 43.38 323.387292 -10.264450 12.180
 86     3.275 55227.51400198 27.33 323.386552 -10.267750 12.180
 87     3.582 55262.51399576 35.72 323.389116 -10.261054 20.592
 87     3.275 55262.51399640 28.83 323.388372 -10.264351 14.386
 87     3.569 55262.51399705 23.71 323.387632 -10.267651 14.386
 88    75.953 55297.51398382  1.99 323.389776 -10.260812  5.540
 88    73.618 55297.51398446  2.68 323.389026 -10.264122  5.540
 88    71.710 55297.51398510  2.30 323.388286 -10.267422  5.540
 88    67.030 55297.51398575  2.21 323.387547 -10.270720 11.177
 92     3.012 55437.51398470 20.25 323.390666 -10.260894  6.199
 92     3.156 55437.51398534 21.80 323.389926 -10.264189 15.929
 92     3.318 55437.51398599 19.75 323.389186 -10.267499 15.929
 92     4.441 55437.51398663 19.36 323.388436 -10.270799 15.929
 93    33.812 55472.51393485 13.66 323.390005 -10.262001  8.298
 93    35.150 55472.51393550 12.54 323.389255 -10.265301  8.298
